ddd
0111,0111,0100,0100,0001,0001,0000,0110,1001,1001,1000,1000,0011,0011,0010,0010,0000,0101,
1,1,1,0,1,1,1,1,0,
0101,0101,0000,0011,1000,1000,0010,0010,0000,0100,0000,0001,0110,0110,0000,0111,1001,1001,
1,0,1,1,0,0,1,0,1,
0000,1001,0000,0010,0000,0110,0011,0011,0000,0111,0101,0101,0000,0100,0000,0001,0000,1000,
0,0,0,1,0,1,0,0,0,
0000,0100,0000,0001,0000,0011,0000,1000,0000,0010,0000,0110,0000,1001,0101,0101,0111,0111,
0,0,0,0,0,0,0,1,1,
0010,0010,0110,0110,0000,0111,0000,0101,0011,0011,0000,1001,0000,1000,0000,0100,0000,0001,
1,1,0,0,1,0,0,0,0,
0000,1000,0000,0101,0000,1001,0100,0100,0000,0001,0000,0111,0010,0010,0000,0011,0000,0110,
0,0,0,1,0,0,1,0,0,
0000,0001,0000,1001,0000,0010,0111,0111,1000,1000,0000,0011,0000,0101,0000,0110,0000,0100,
0,0,0,1,1,0,0,0,0,
0011,0011,0000,0111,0000,0101,0000,1001,0000,0110,0100,0100,0000,0001,1000,1000,0010,0010,
1,0,0,0,0,1,0,1,1,
0110,0110,0000,1000,0000,0100,0000,0001,0000,0101,0010,0010,0111,0111,0000,1001,0000,0011,
1,0,0,0,0,1,1,0,0,
ddd
0111,0111,0100,0100,0001,0001,0000,0110,1001,1001,1000,1000,0011,0011,0010,0010,0000,0101,
1,1,1,0,1,1,1,1,0,
0101,0101,0000,0011,1000,1000,0010,0010,0000,0100,0000,0001,0110,0110,0000,0111,1001,1001,
1,0,1,1,0,0,1,0,1,
0000,1001,0000,0010,0000,0110,0011,0011,0000,0111,0101,0101,0000,0100,0000,0001,0000,1000,
0,0,0,1,0,1,0,0,0,
0000,0100,0000,0001,0000,0011,0000,1000,0000,0010,0000,0110,0000,1001,0101,0101,0111,0111,
0,0,0,0,0,0,0,1,1,
0010,0010,0110,0110,0000,0111,0000,0101,0011,0011,0000,1001,0000,1000,0000,0100,0000,0001,
1,1,0,0,1,0,0,0,0,
0000,1000,0000,0101,0000,1001,0100,0100,0000,0001,0000,0111,0010,0010,0000,0011,0000,0110,
0,0,0,1,0,0,1,0,0,
0000,0001,0000,1001,0000,0010,0111,0111,1000,1000,0000,0011,0000,0101,0000,0110,0000,0100,
0,0,0,1,1,0,0,0,0,
0011,0011,0000,0111,0000,0101,0000,1001,0000,0110,0100,0100,0000,0001,1000,1000,0010,0010,
1,0,0,0,0,1,0,1,1,
0110,0110,0000,1000,0000,0100,0000,0001,0000,0101,0010,0010,0111,0111,0000,1001,0000,0011,
1,0,0,0,0,1,1,0,0,

0000,0111,0000,0100,0000,0001,0110,0110,0000,1001,1000,1000,0011,0011,0010,0010,0101,0101,
0,0,0,1,0,1,1,1,1,
0000,0101,0011,0011,1000,1000,0000,0010,0000,0100,0001,0001,0000,0110,0000,0111,1001,1001,
0,1,1,0,0,1,0,0,1,
0000,1001,0000,0010,0000,0110,0000,0011,0000,0111,0101,0101,0000,0100,0000,0001,1000,1000,
0,0,0,0,0,1,0,0,1,
0100,0100,0000,0001,0000,0011,0000,1000,0010,0010,0110,0110,0000,1001,0000,0101,0000,0111,
1,0,0,0,1,1,0,0,0,
0000,0010,0110,0110,0000,0111,0101,0101,0011,0011,0000,1001,1000,1000,0100,0100,0000,0001,
0,1,0,1,1,0,1,1,0,
0000,1000,0000,0101,1001,1001,0100,0100,0000,0001,0000,0111,0000,0010,0011,0011,0000,0110,
0,0,1,1,0,0,0,1,0,
0000,0001,1001,1001,0000,0010,0000,0111,0000,1000,0000,0011,0000,0101,0110,0110,0100,0100,
0,1,0,0,0,0,0,1,1,
0000,0011,0000,0111,0101,0101,1001,1001,0000,0110,0100,0100,0000,0001,0000,1000,0000,0010,
0,0,1,1,0,1,0,0,0,
0000,0110,0000,1000,0100,0100,0000,0001,0000,0101,0010,0010,0000,0111,0000,1001,0000,0011,
0,0,1,0,0,1,0,0,0,
Marlon
0111,0111,0000,0100,0001,0001,0000,0110,0000,1001,1000,1000,0000,0011,0000,0010,0000,0101,
1,0,1,0,0,1,0,0,0,
0000,0101,0000,0011,0000,1000,0000,0010,0000,0100,0001,0001,0000,0110,0000,0111,0000,1001,
0,0,0,0,0,1,0,0,0,
1001,1001,0000,0010,0110,0110,0000,0011,0000,0111,0101,0101,0000,0100,0000,0001,0000,1000,
1,0,1,0,0,1,0,0,0,
0000,0100,0000,0001,0011,0011,0000,1000,0000,0010,0110,0110,1001,1001,0101,0101,0000,0111,
0,0,1,0,0,1,1,1,0,
0000,0010,0000,0110,0000,0111,0000,0101,0000,0011,0000,1001,0000,1000,0100,0100,0000,0001,
0,0,0,0,0,0,0,1,0,
0000,1000,0101,0101,1001,1001,0000,0100,0000,0001,0111,0111,0000,0010,0000,0011,0000,0110,
0,1,1,0,0,1,0,0,0,
0001,0001,1001,1001,0010,0010,0000,0111,1000,1000,0000,0011,0101,0101,0110,0110,0000,0100,
1,1,1,0,1,0,1,1,0,
0011,0011,0111,0111,0000,0101,0000,1001,0000,0110,0000,0100,0000,0001,1000,1000,0000,0010,
1,1,0,0,0,0,0,1,0,
0000,0110,0000,1000,0000,0100,0000,0001,0101,0101,0010,0010,0000,0111,0000,1001,0000,0011,
0,0,0,0,1,1,0,0,0,
Marlon
0000,0111,0000,0100,0001,0001,0000,0110,1001,1001,1000,1000,0000,0011,0010,0010,0000,0101,
0,0,1,0,1,1,0,1,0,
0000,0101,0011,0011,1000,1000,0000,0010,0000,0100,0000,0001,0000,0110,0000,0111,0000,1001,
0,1,1,0,0,0,0,0,0,
1001,1001,0000,0010,0000,0110,0011,0011,0000,0111,0000,0101,0000,0100,0000,0001,0000,1000,
1,0,0,1,0,0,0,0,0,
0100,0100,0001,0001,0011,0011,0000,1000,0010,0010,0000,0110,1001,1001,0101,0101,0000,0111,
1,1,1,0,1,0,1,1,0,
0000,0010,0000,0110,0000,0111,0000,0101,0000,0011,1001,1001,0000,1000,0100,0100,0001,0001,
0,0,0,0,0,1,0,1,1,
1000,1000,0101,0101,0000,1001,0100,0100,0000,0001,0000,0111,0010,0010,0000,0011,0000,0110,
1,1,0,1,0,0,1,0,0,
0000,0001,1001,1001,0010,0010,0000,0111,0000,1000,0000,0011,0000,0101,0000,0110,0100,0100,
0,1,1,0,0,0,0,0,1,
0011,0011,0000,0111,0101,0101,0000,1001,0000,0110,0000,0100,0000,0001,0000,1000,0000,0010,
1,0,1,0,0,0,0,0,0,
0000,0110,0000,1000,0100,0100,0001,0001,0000,0101,0000,0010,0000,0111,1001,1001,0000,0011,
0,0,1,1,0,0,0,1,0,
